# freq amp phase
0 999999.996806 0
121.654501217 999999.996897 -0.38104323856
243.309002433 999999.99717 -0.762086477301
364.96350365 999999.997625 -1.1431297164
486.618004866 999999.998263 -1.52417295602
608.272506083 999999.999083 -1.90521619636
729.927007299 1000000.00008 -2.28625943759
851.581508516 1000000.00127 -2.66730267988
973.236009732 1000000.00263 -3.04834592341
1094.89051095 1000000.00418 -3.42938916836
1216.54501217 1000000.00591 -3.81043241492
1338.19951338 1000000.00783 -4.19147566324
1459.8540146 1000000.00992 -4.57251891352
1581.50851582 1000000.0122 -4.95356216594
1703.16301703 1000000.01466 -5.33460542066
1824.81751825 1000000.0173 -5.71564867786
1946.47201946 1000000.02012 -6.09669193773
2068.12652068 1000000.02313 -6.47773520044
2189.7810219 1000000.02631 -6.85877846617
2311.43552311 1000000.02968 -7.23982173509
2433.09002433 1000000.03324 -7.62086500739
2554.74452555 1000000.03697 -8.00190828324
2676.39902676 1000000.04089 -8.38295156281
2798.05352798 1000000.04499 -8.7639948463
2919.7080292 1000000.04927 -9.14503813386
3041.36253041 1000000.05373 -9.52608142569
3163.01703163 1000000.05837 -9.90712472196
3284.67153285 1000000.0632 -10.2881680228
3406.32603406 1000000.06821 -10.6692113285
3527.98053528 1000000.0734 -11.0502546392
3649.6350365 1000000.07877 -11.431297955
3771.28953771 1000000.08433 -11.8123412761
3892.94403893 1000000.09007 -12.1933846027
4014.59854015 1000000.09599 -12.574427935
4136.25304136 1000000.10209 -12.9554712732
4257.90754258 1000000.10837 -13.3365146174
4379.5620438 1000000.11484 -13.7175579678
4501.21654501 1000000.12149 -14.0986013246
4622.87104623 1000000.12832 -14.479644688
4744.52554745 1000000.13533 -14.8606880582
4866.18004866 1000000.14253 -15.2417314352
4987.83454988 1000000.1499 -15.6227748194
5109.48905109 1000000.15746 -16.0038182108
5231.14355231 1000000.16521 -16.3848616097
5352.79805353 1000000.17313 -16.7659050162
5474.45255474 1000000.18123 -17.1469484306
5596.10705596 1000000.18952 -17.5279918529
5717.76155718 1000000.19799 -17.9090352834
5839.41605839 1000000.20664 -18.2900787222
5961.07055961 1000000.21548 -18.6711221696
6082.72506083 1000000.2245 -19.0521656257
6204.37956204 1000000.23369 -19.4332090906
6326.03406326 1000000.24308 -19.8142525646
6447.68856448 1000000.25264 -20.1952960478
6569.34306569 1000000.26238 -20.5763395405
6690.99756691 1000000.27231 -20.9573830427
6812.65206813 1000000.28242 -21.3384265547
6934.30656934 1000000.29271 -21.7194700766
7055.96107056 1000000.30319 -22.1005136087
7177.61557178 1000000.31384 -22.4815571511
7299.27007299 1000000.32468 -22.8626007039
7420.92457421 1000000.3357 -23.2436442674
7542.57907543 1000000.3469 -23.6246878417
7664.23357664 1000000.35829 -24.005731427
7785.88807786 1000000.36985 -24.3867750235
7907.54257908 1000000.3816 -24.7678186314
8029.19708029 1000000.39353 -25.1488622508
8150.85158151 1000000.40565 -25.529905882
8272.50608273 1000000.41794 -25.910949525
8394.16058394 1000000.43042 -26.2919931801
8515.81508516 1000000.44308 -26.6730368474
8637.46958637 1000000.45592 -27.0540805272
8759.12408759 1000000.46894 -27.4351242196
8880.77858881 1000000.48215 -27.8161679248
9002.43309002 1000000.49554 -28.1972116429
9124.08759124 1000000.50911 -28.5782553742
9245.74209246 1000000.52286 -28.9592991188
9367.39659367 1000000.5368 -29.3403428769
9489.05109489 1000000.55091 -29.7213866486
9610.70559611 1000000.56521 -30.1024304342
9732.36009732 1000000.57969 -30.4834742339
9854.01459854 1000000.59436 -30.8645180477
9975.66909976 1000000.6092 -31.2455618759
10097.323601 1000000.62423 -31.6266057187
10218.9781022 1000000.63944 -32.0076495762
10340.6326034 1000000.65483 -32.3886934487
10462.2871046 1000000.6704 -32.7697373362
10583.9416058 1000000.68616 -33.150781239
10705.5961071 1000000.7021 -33.5318251572
10827.2506083 1000000.71822 -33.9128690911
10948.9051095 1000000.73452 -34.2939130407
11070.5596107 1000000.75101 -34.6749570064
11192.2141119 1000000.76767 -35.0560009882
11313.8686131 1000000.78452 -35.4370449863
11435.5231144 1000000.80155 -35.818089001
11557.1776156 1000000.81877 -36.1991330323
11678.8321168 1000000.83616 -36.5801770805
11800.486618 1000000.85374 -36.9612211458
11922.1411192 1000000.8715 -37.3422652283
12043.7956204 1000000.88944 -37.7233093281
12165.4501217 1000000.90757 -38.1043534456
12287.1046229 1000000.92587 -38.4853975808
12408.7591241 1000000.94436 -38.8664417339
12530.4136253 1000000.96303 -39.2474859052
12652.0681265 1000000.98188 -39.6285300947
12773.7226277 1000001.00092 -40.0095743027
12895.377129 1000001.02014 -40.3906185294
13017.0316302 1000001.03954 -40.7716627749
13138.6861314 1000001.05912 -41.1527070393
13260.3406326 1000001.07888 -41.533751323
13381.9951338 1000001.09883 -41.914795626
13503.649635 1000001.11895 -42.2958399485
13625.3041363 1000001.13926 -42.6768842908
13746.9586375 1000001.15976 -43.0579286529
13868.6131387 1000001.18043 -43.4389730351
13990.2676399 1000001.20129 -43.8200174375
14111.9221411 1000001.22233 -44.2010618604
14233.5766423 1000001.24355 -44.5821063038
14355.2311436 1000001.26495 -44.963150768
14476.8856448 1000001.28653 -45.3441952532
14598.540146 1000001.3083 -45.7252397595
14720.1946472 1000001.33025 -46.1062842871
14841.8491484 1000001.35238 -46.4873288362
14963.5036496 1000001.3747 -46.8683734069
15085.1581509 1000001.39719 -47.2494179995
15206.8126521 1000001.41987 -47.6304626141
15328.4671533 1000001.44273 -48.0115072509
15450.1216545 1000001.46577 -48.3925519101
15571.7761557 1000001.489 -48.7735965918
15693.4306569 1000001.5124 -49.1546412963
15815.0851582 1000001.53599 -49.5356860236
15936.7396594 1000001.55976 -49.9167307741
16058.3941606 1000001.58372 -50.2977755478
16180.0486618 1000001.60785 -50.6788203449
16301.703163 1000001.63217 -51.0598651657
16423.3576642 1000001.65667 -51.4409100102
16545.0121655 1000001.68135 -51.8219548787
16666.6666667 1000001.70621 -52.2029997714
16788.3211679 1000001.73126 -52.5840446884
16909.9756691 1000001.75649 -52.9650896298
17031.6301703 1000001.7819 -53.346134596
17153.2846715 1000001.80749 -53.727179587
17274.9391727 1000001.83327 -54.1082246031
17396.593674 1000001.85922 -54.4892696444
17518.2481752 1000001.88536 -54.870314711
17639.9026764 1000001.91168 -55.2513598033
17761.5571776 1000001.93819 -55.6324049212
17883.2116788 1000001.96487 -56.0134500651
18004.86618 1000001.99174 -56.3944952351
18126.5206813 1000002.01879 -56.7755404314
18248.1751825 1000002.04602 -57.1565856541
18369.8296837 1000002.07343 -57.5376309035
18491.4841849 1000002.10103 -57.9186761797
18613.1386861 1000002.12881 -58.2997214828
18734.7931873 1000002.15677 -58.6807668132
18856.4476886 1000002.18491 -59.0618121709
18978.1021898 1000002.21324 -59.4428575561
19099.756691 1000002.24174 -59.8239029689
19221.4111922 1000002.27043 -60.2049484097
19343.0656934 1000002.2993 -60.5859938785
19464.7201946 1000002.32836 -60.9670393756
19586.3746959 1000002.35759 -61.3480849011
19708.0291971 1000002.38701 -61.7291304551
19829.6836983 1000002.41661 -62.1101760379
19951.3381995 1000002.44639 -62.4912216497
20072.9927007 1000002.47636 -62.8722672906
20194.6472019 1000002.5065 -63.2533129607
20316.3017032 1000002.53683 -63.6343586604
20437.9562044 1000002.56734 -64.0154043897
20559.6107056 1000002.59803 -64.3964501488
20681.2652068 1000002.62891 -64.7774959379
20802.919708 1000002.65997 -65.1585417573
20924.5742092 1000002.6912 -65.5395876069
21046.2287105 1000002.72263 -65.9206334872
21167.8832117 1000002.75423 -66.3016793981
21289.5377129 1000002.78602 -66.6827253399
21411.1922141 1000002.81798 -67.0637713128
21532.8467153 1000002.85013 -67.444817317
21654.5012165 1000002.88247 -67.8258633526
21776.1557178 1000002.91498 -68.2069094198
21897.810219 1000002.94768 -68.5879555187
22019.4647202 1000002.98055 -68.9690016497
22141.1192214 1000003.01362 -69.3500478127
22262.7737226 1000003.04686 -69.7310940081
22384.4282238 1000003.08028 -70.112140236
22506.0827251 1000003.11389 -70.4931864965
22627.7372263 1000003.14768 -70.8742327899
22749.3917275 1000003.18165 -71.2552791163
22871.0462287 1000003.21581 -71.6363254759
22992.7007299 1000003.25014 -72.0173718689
23114.3552311 1000003.28466 -72.3984182955
23236.0097324 1000003.31936 -72.7794647558
23357.6642336 1000003.35424 -73.16051125
23479.3187348 1000003.38931 -73.5415577783
23600.973236 1000003.42455 -73.9226043409
23722.6277372 1000003.45998 -74.3036509379
23844.2822384 1000003.49559 -74.6846975695
23965.9367397 1000003.53139 -75.065744236
24087.5912409 1000003.56736 -75.4467909374
24209.2457421 1000003.60352 -75.8278376739
24330.9002433 1000003.63986 -76.2088844458
24452.5547445 1000003.67638 -76.5899312533
24574.2092457 1000003.71308 -76.9709780964
24695.863747 1000003.74997 -77.3520249753
24817.5182482 1000003.78704 -77.7330718904
24939.1727494 1000003.82429 -78.1141188416
25060.8272506 1000003.86172 -78.4951658292
25182.4817518 1000003.89934 -78.8762128534
25304.136253 1000003.93713 -79.2572599144
25425.7907543 1000003.97511 -79.6383070123
25547.4452555 1000004.01327 -80.0193541473
25669.0997567 1000004.05162 -80.4004013196
25790.7542579 1000004.09014 -80.7814485294
25912.4087591 1000004.12885 -81.1624957768
26034.0632603 1000004.16774 -81.543543062
26155.7177616 1000004.20681 -81.9245903852
26277.3722628 1000004.24606 -82.3056377466
26399.026764 1000004.2855 -82.6866851463
26520.6812652 1000004.32512 -83.0677325846
26642.3357664 1000004.36492 -83.4487800616
26763.9902676 1000004.4049 -83.8298275774
26885.6447689 1000004.44507 -84.2108751324
27007.2992701 1000004.48541 -84.5919227265
27128.9537713 1000004.52594 -84.9729703601
27250.6082725 1000004.56665 -85.3540180333
27372.2627737 1000004.60755 -85.7350657463
27493.9172749 1000004.64862 -86.1161134992
27615.5717762 1000004.68988 -86.4971612922
27737.2262774 1000004.73132 -86.8782091255
27858.8807786 1000004.77294 -87.2592569993
27980.5352798 1000004.81475 -87.6403049138
28102.189781 1000004.85673 -88.0213528691
28223.8442822 1000004.8989 -88.4024008655
28345.4987835 1000004.94125 -88.783448903
28467.1532847 1000004.98379 -89.1644969819
28588.8077859 1000005.0265 -89.5455451023
28710.4622871 1000005.0694 -89.9265932645
28832.1167883 1000005.11248 -90.3076414686
28953.7712895 1000005.15574 -90.6886897147
29075.4257908 1000005.19918 -91.0697380031
29197.080292 1000005.24281 -91.450786334
29318.7347932 1000005.28662 -91.8318347075
29440.3892944 1000005.33061 -92.2128831237
29562.0437956 1000005.37478 -92.5939315829
29683.6982968 1000005.41913 -92.9749800853
29805.3527981 1000005.46367 -93.356028631
29927.0072993 1000005.50839 -93.7370772202
30048.6618005 1000005.55329 -94.1181258531
30170.3163017 1000005.59837 -94.4991745298
30291.9708029 1000005.64364 -94.8802232505
30413.6253041 1000005.68909 -95.2612720155
30535.2798054 1000005.73471 -95.6423208249
30656.9343066 1000005.78053 -96.0233696788
30778.5888078 1000005.82652 -96.4044185775
30900.243309 1000005.8727 -96.7854675211
31021.8978102 1000005.91905 -97.1665165098
31143.5523114 1000005.96559 -97.5475655438
31265.2068127 1000006.01232 -97.9286146232
31386.8613139 1000006.05922 -98.3096637483
31508.5158151 1000006.10631 -98.6907129191
31630.1703163 1000006.15358 -99.071762136
31751.8248175 1000006.20103 -99.452811399
31873.4793187 1000006.24866 -99.8338607084
31995.13382 1000006.29648 -100.214910064
32116.7883212 1000006.34448 -100.595959467
32238.4428224 1000006.39265 -100.977008916
32360.0973236 1000006.44102 -101.358058413
32481.7518248 1000006.48956 -101.739107957
32603.406326 1000006.53829 -102.120157548
32725.0608273 1000006.5872 -102.501207186
32846.7153285 1000006.63629 -102.882256873
32968.3698297 1000006.68556 -103.263306607
33090.0243309 1000006.73501 -103.64435639
33211.6788321 1000006.78465 -104.025406221
33333.3333333 1000006.83447 -104.4064561
33454.9878345 1000006.88447 -104.787506028
33576.6423358 1000006.93465 -105.168556005
33698.296837 1000006.98502 -105.549606031
33819.9513382 1000007.03557 -105.930656106
33941.6058394 1000007.0863 -106.31170623
34063.2603406 1000007.13721 -106.692756404
34184.9148418 1000007.1883 -107.073806628
34306.5693431 1000007.23958 -107.454856901
34428.2238443 1000007.29104 -107.835907225
34549.8783455 1000007.34268 -108.216957598
34671.5328467 1000007.3945 -108.598008023
34793.1873479 1000007.44651 -108.979058498
34914.8418491 1000007.4987 -109.360109023
35036.4963504 1000007.55107 -109.7411596
35158.1508516 1000007.60362 -110.122210227
35279.8053528 1000007.65635 -110.503260907
35401.459854 1000007.70927 -110.884311637
35523.1143552 1000007.76236 -111.265362419
35644.7688564 1000007.81564 -111.646413253
35766.4233577 1000007.86911 -112.027464139
35888.0778589 1000007.92275 -112.408515078
36009.7323601 1000007.97658 -112.789566068
36131.3868613 1000008.03059 -113.170617112
36253.0413625 1000008.08478 -113.551668208
36374.6958637 1000008.13915 -113.932719356
36496.350365 1000008.19371 -114.313770558
36618.0048662 1000008.24844 -114.694821814
36739.6593674 1000008.30336 -115.075873122
36861.3138686 1000008.35847 -115.456924485
36982.9683698 1000008.41375 -115.837975901
37104.622871 1000008.46922 -116.219027371
37226.2773723 1000008.52486 -116.600078895
37347.9318735 1000008.58069 -116.981130473
37469.5863747 1000008.63671 -117.362182107
37591.2408759 1000008.6929 -117.743233794
37712.8953771 1000008.74928 -118.124285537
37834.5498783 1000008.80584 -118.505337335
37956.2043796 1000008.86258 -118.886389187
38077.8588808 1000008.9195 -119.267441096
38199.513382 1000008.97661 -119.64849306
38321.1678832 1000009.0339 -120.029545079
38442.8223844 1000009.09137 -120.410597155
38564.4768856 1000009.14902 -120.791649286
38686.1313869 1000009.20685 -121.172701474
38807.7858881 1000009.26487 -121.553753719
38929.4403893 1000009.32307 -121.93480602
39051.0948905 1000009.38145 -122.315858378
39172.7493917 1000009.44001 -122.696910792
39294.4038929 1000009.49876 -123.077963264
39416.0583942 1000009.55768 -123.459015794
39537.7128954 1000009.61679 -123.840068381
39659.3673966 1000009.67608 -124.221121025
39781.0218978 1000009.73556 -124.602173728
39902.676399 1000009.79521 -124.983226488
40024.3309002 1000009.85505 -125.364279307
40145.9854015 1000009.91507 -125.745332184
40267.6399027 1000009.97527 -126.12638512
40389.2944039 1000010.03566 -126.507438115
40510.9489051 1000010.09622 -126.888491168
40632.6034063 1000010.15697 -127.269544281
40754.2579075 1000010.2179 -127.650597453
40875.9124088 1000010.27902 -128.031650685
40997.56691 1000010.34031 -128.412703976
41119.2214112 1000010.40179 -128.793757327
41240.8759124 1000010.46345 -129.174810738
41362.5304136 1000010.52529 -129.555864209
41484.1849148 1000010.58732 -129.93691774
41605.8394161 1000010.64952 -130.317971332
41727.4939173 1000010.71191 -130.699024985
41849.1484185 1000010.77448 -131.080078699
41970.8029197 1000010.83723 -131.461132474
42092.4574209 1000010.90017 -131.84218631
42214.1119221 1000010.96328 -132.223240207
42335.7664234 1000011.02658 -132.604294166
42457.4209246 1000011.09007 -132.985348187
42579.0754258 1000011.15373 -133.36640227
42700.729927 1000011.21757 -133.747456415
42822.3844282 1000011.2816 -134.128510622
42944.0389294 1000011.34581 -134.509564892
43065.6934307 1000011.4102 -134.890619225
43187.3479319 1000011.47478 -135.27167362
43309.0024331 1000011.53953 -135.652728078
43430.6569343 1000011.60447 -136.0337826
43552.3114355 1000011.66959 -136.414837185
43673.9659367 1000011.7349 -136.795891833
43795.620438 1000011.80038 -137.176946546
43917.2749392 1000011.86605 -137.558001322
44038.9294404 1000011.9319 -137.939056162
44160.5839416 1000011.99793 -138.320111067
44282.2384428 1000012.06414 -138.701166036
44403.892944 1000012.13054 -139.08222107
44525.5474453 1000012.19712 -139.463276168
44647.2019465 1000012.26388 -139.844331332
44768.8564477 1000012.33082 -140.22538656
44890.5109489 1000012.39794 -140.606441854
45012.1654501 1000012.46525 -140.987497214
45133.8199513 1000012.53274 -141.368552639
45255.4744526 1000012.60041 -141.74960813
45377.1289538 1000012.66826 -142.130663687
45498.783455 1000012.7363 -142.51171931
45620.4379562 1000012.80452 -142.892775
45742.0924574 1000012.87292 -143.273830757
45863.7469586 1000012.9415 -143.65488658
45985.4014599 1000013.01026 -144.03594247
46107.0559611 1000013.07921 -144.416998427
46228.7104623 1000013.14834 -144.798054451
46350.3649635 1000013.21765 -145.179110543
46472.0194647 1000013.28714 -145.560166703
46593.6739659 1000013.35682 -145.94122293
46715.3284672 1000013.42667 -146.322279226
46836.9829684 1000013.49671 -146.703335589
46958.6374696 1000013.56693 -147.084392021
47080.2919708 1000013.63734 -147.465448522
47201.946472 1000013.70792 -147.846505091
47323.6009732 1000013.77869 -148.227561729
47445.2554745 1000013.84964 -148.608618436
47566.9099757 1000013.92077 -148.989675213
47688.5644769 1000013.99209 -149.370732059
47810.2189781 1000014.06358 -149.751788974
47931.8734793 1000014.13526 -150.13284596
48053.5279805 1000014.20712 -150.513903015
48175.1824818 1000014.27916 -150.89496014
48296.836983 1000014.35139 -151.276017336
48418.4914842 1000014.4238 -151.657074602
48540.1459854 1000014.49639 -152.038131939
48661.8004866 1000014.56916 -152.419189346
48783.4549878 1000014.64211 -152.800246825
48905.1094891 1000014.71525 -153.181304375
49026.7639903 1000014.78857 -153.562361996
49148.4184915 1000014.86207 -153.943419689
49270.0729927 1000014.93575 -154.324477454
49391.7274939 1000015.00961 -154.70553529
49513.3819951 1000015.08366 -155.086593199
49635.0364964 1000015.15789 -155.46765118
49756.6909976 1000015.2323 -155.848709233
49878.3454988 1000015.30689 -156.229767359
50000 1000015.38167 -156.610825558
50121.6545012 1000015.45663 -156.991883829
50243.3090024 1000015.53177 -157.372942174
50364.9635036 1000015.60709 -157.754000592
50486.6180049 1000015.68259 -158.135059084
50608.2725061 1000015.75828 -158.516117649
50729.9270073 1000015.83415 -158.897176289
50851.5815085 1000015.9102 -159.278235002
50973.2360097 1000015.98643 -159.659293789
51094.8905109 1000016.06285 -160.040352651
51216.5450122 1000016.13944 -160.421411588
51338.1995134 1000016.21622 -160.802470599
51459.8540146 1000016.29318 -161.183529685
51581.5085158 1000016.37033 -161.564588846
51703.163017 1000016.44765 -161.945648083
51824.8175182 1000016.52516 -162.326707395
51946.4720195 1000016.60285 -162.707766783
52068.1265207 1000016.68072 -163.088826246
52189.7810219 1000016.75878 -163.469885786
52311.4355231 1000016.83702 -163.850945401
52433.0900243 1000016.91543 -164.232005093
52554.7445255 1000016.99404 -164.613064862
52676.3990268 1000017.07282 -164.994124707
52798.053528 1000017.15178 -165.375184629
52919.7080292 1000017.23093 -165.756244628
53041.3625304 1000017.31026 -166.137304705
53163.0170316 1000017.38977 -166.518364859
53284.6715328 1000017.46947 -166.89942509
53406.3260341 1000017.54934 -167.280485399
53527.9805353 1000017.6294 -167.661545787
53649.6350365 1000017.70964 -168.042606252
53771.2895377 1000017.79006 -168.423666796
53892.9440389 1000017.87067 -168.804727418
54014.5985401 1000017.95146 -169.185788118
54136.2530414 1000018.03243 -169.566848898
54257.9075426 1000018.11358 -169.947909757
54379.5620438 1000018.19491 -170.328970694
54501.216545 1000018.27643 -170.710031711
54622.8710462 1000018.35812 -171.091092808
54744.5255474 1000018.44 -171.472153985
54866.1800487 1000018.52207 -171.853215241
54987.8345499 1000018.60431 -172.234276577
55109.4890511 1000018.68674 -172.615337994
